2.455928715539866316e-13 1.230020705968567596e-12 5.512570354228840123e-12 2.210756576514740291e-11 7.933645000667228446e-11 2.547708049048012395e-10 7.321020320193697983e-10 1.882515769811292190e-09 4.331623400561339888e-09 8.918828583694711998e-09 1.643274062656790871e-08 2.709300900692066221e-08 3.997141658376331626e-08 5.276997591738037423e-08 6.234036053666663864e-08 6.590172474166643744e-08 6.234036053666663864e-08 5.276997591738037423e-08 3.997141658376331626e-08 2.709300900692066221e-08 1.643274062656790871e-08 8.918828583694711998e-09 4.331623400561339888e-09 1.882515769811292190e-09 7.321020320193697983e-10 2.547708049048012395e-10 7.933645000667228446e-11 2.210756576514740291e-11 5.512570354228840123e-12 1.230020705968567596e-12 2.455928715539866316e-13
1.230020705968567596e-12 6.160402488631815425e-12 2.760900850218462444e-11 1.107229353915330840e-10 3.973465338337216064e-10 1.275987219524401421e-09 3.666640047683706186e-09 9.428341146584325256e-09 2.169438566940335786e-08 4.466882023698024757e-08 8.230129440889022434e-08 1.356918946980908667e-07 2.001917634409701541e-07 2.642917223986783368e-07 3.122237782898751812e-07 3.300604186040958112e-07 3.122237782898751812e-07 2.642917223986783368e-07 2.001917634409701541e-07 1.356918946980908667e-07 8.230129440889022434e-08 4.466882023698024757e-08 2.169438566940335786e-08 9.428341146584325256e-09 3.666640047683706186e-09 1.275987219524401421e-09 3.973465338337216064e-10 1.107229353915330840e-10 2.760900850218462444e-11 6.160402488631815425e-12 1.230020705968567596e-12
5.512570354228840123e-12 2.760900850218462444e-11 1.237349916471115238e-10 4.962257693799814237e-10 1.780783617819304292e-09 5.718577975633557164e-09 1.643274062656790871e-08 4.225489346806562140e-08 9.722749114226375817e-08 2.001917634409701541e-07 3.688488116269986681e-07 6.081288814018974373e-07 8.971972381850992513e-07 1.184473323654978975e-06 1.399289894661388807e-06 1.479228170609182361e-06 1.399289894661388807e-06 1.184473323654978975e-06 8.971972381850992513e-07 6.081288814018974373e-07 3.688488116269986681e-07 2.001917634409701541e-07 9.722749114226375817e-08 4.225489346806562140e-08 1.643274062656790871e-08 5.718577975633557164e-09 1.780783617819304292e-09 4.962257693799814237e-10 1.237349916471115238e-10 2.760900850218462444e-11 5.512570354228840123e-12
2.210756576514740291e-11 1.107229353915330840e-10 4.962257693799814237e-10 1.990059650216194762e-09 7.141639637167903785e-09 2.293373699665516049e-08 6.590172474166643744e-08 1.694586692264062945e-07 3.899203123927429795e-07 8.028473636652940171e-07 1.479228170609182361e-06 2.438834949102197371e-06 3.598112254888477522e-06 4.750201850880203180e-06 5.611700419750989497e-06 5.932284209001434597e-06 5.611700419750989497e-06 4.750201850880203180e-06 3.598112254888477522e-06 2.438834949102197371e-06 1.479228170609182361e-06 8.028473636652940171e-07 3.899203123927429795e-07 1.694586692264062945e-07 6.590172474166643744e-08 2.293373699665516049e-08 7.141639637167903785e-09 1.990059650216194762e-09 4.962257693799814237e-10 1.107229353915330840e-10 2.210756576514740291e-11
7.933645000667228446e-11 3.973465338337216064e-10 1.780783617819304292e-09 7.141639637167903785e-09 2.562888841127288842e-08 8.230129440889022434e-08 2.364986243109265166e-07 6.081288814018974373e-07 1.399289894661388807e-06 2.881143062382541645e-06 5.308441148731519301e-06 8.752139836173478813e-06 1.291238737276016862e-05 1.704684069098576847e-05 2.013846275675784924e-05 2.128892771698943164e-05 2.013846275675784924e-05 1.704684069098576847e-05 1.291238737276016862e-05 8.752139836173478813e-06 5.308441148731519301e-06 2.881143062382541645e-06 1.399289894661388807e-06 6.081288814018974373e-07 2.364986243109265166e-07 8.230129440889022434e-08 2.562888841127288842e-08 7.141639637167903785e-09 1.780783617819304292e-09 3.973465338337216064e-10 7.933645000667228446e-11
2.547708049048012395e-10 1.275987219524401421e-09 5.718577975633557164e-09 2.293373699665516049e-08 8.230129440889022434e-08 2.642917223986783368e-07 7.594610657460184428e-07 1.952866363286840539e-06 4.493498420058563893e-06 9.252129846840293062e-06 1.704684069098576847e-05 2.810548884546470744e-05 4.146516921193273836e-05 5.474201736479411058e-05 6.467005223517155368e-05 6.836450647289357035e-05 6.467005223517155368e-05 5.474201736479411058e-05 4.146516921193273836e-05 2.810548884546470744e-05 1.704684069098576847e-05 9.252129846840293062e-06 4.493498420058563893e-06 1.952866363286840539e-06 7.594610657460184428e-07 2.642917223986783368e-07 8.230129440889022434e-08 2.293373699665516049e-08 5.718577975633557164e-09 1.275987219524401421e-09 2.547708049048012395e-10
7.321020320193697983e-10 3.666640047683706186e-09 1.643274062656790871e-08 6.590172474166643744e-08 2.364986243109265166e-07 7.594610657460184428e-07 2.182365399677619594e-06 5.611700419750989497e-06 1.291238737276016862e-05 2.658665330162081821e-05 4.898530941975269765e-05 8.076312159217363890e-05 1.191531135187414608e-04 1.573050811869145308e-04 1.858339956568373804e-04 1.964502727284960144e-04 1.858339956568373804e-04 1.573050811869145308e-04 1.191531135187414608e-04 8.076312159217363890e-05 4.898530941975269765e-05 2.658665330162081821e-05 1.291238737276016862e-05 5.611700419750989497e-06 2.182365399677619594e-06 7.594610657460184428e-07 2.364986243109265166e-07 6.590172474166643744e-08 1.643274062656790871e-08 3.666640047683706186e-09 7.321020320193697983e-10
1.882515769811292190e-09 9.428341146584325256e-09 4.225489346806562140e-08 1.694586692264062945e-07 6.081288814018974373e-07 1.952866363286840539e-06 5.611700419750989497e-06 1.442983911204114960e-05 3.320271190626900704e-05 6.836450647289357035e-05 1.259600621752275792e-04 2.076730337670083565e-04 3.063884614586229898e-04 4.044918372770994731e-04 4.778506438864578649e-04 5.051491735039181398e-04 4.778506438864578649e-04 4.044918372770994731e-04 3.063884614586229898e-04 2.076730337670083565e-04 1.259600621752275792e-04 6.836450647289357035e-05 3.320271190626900704e-05 1.442983911204114960e-05 5.611700419750989497e-06 1.952866363286840539e-06 6.081288814018974373e-07 1.694586692264062945e-07 4.225489346806562140e-08 9.428341146584325256e-09 1.882515769811292190e-09
4.331623400561339888e-09 2.169438566940335786e-08 9.722749114226375817e-08 3.899203123927429795e-07 1.399289894661388807e-06 4.493498420058563893e-06 1.291238737276016862e-05 3.320271190626900704e-05 7.639863960858511293e-05 1.573050811869145308e-04 2.898310662805600848e-04 4.778506438864578649e-04 7.049924630640368650e-04 9.307259656375492822e-04 1.099522811030352598e-03 1.162336069536951859e-03 1.099522811030352598e-03 9.307259656375492822e-04 7.049924630640368650e-04 4.778506438864578649e-04 2.898310662805600848e-04 1.573050811869145308e-04 7.639863960858511293e-05 3.320271190626900704e-05 1.291238737276016862e-05 4.493498420058563893e-06 1.399289894661388807e-06 3.899203123927429795e-07 9.722749114226375817e-08 2.169438566940335786e-08 4.331623400561339888e-09
8.918828583694711998e-09 4.466882023698024757e-08 2.001917634409701541e-07 8.028473636652940171e-07 2.881143062382541645e-06 9.252129846840293062e-06 2.658665330162081821e-05 6.836450647289357035e-05 1.573050811869145308e-04 3.238917432823126851e-04 5.967632361693284973e-04 9.838962410442160002e-04 1.451582085841083246e-03 1.916368201547555879e-03 2.263921529782816910e-03 2.393254261093453322e-03 2.263921529782816910e-03 1.916368201547555879e-03 1.451582085841083246e-03 9.838962410442160002e-04 5.967632361693284973e-04 3.238917432823126851e-04 1.573050811869145308e-04 6.836450647289357035e-05 2.658665330162081821e-05 9.252129846840293062e-06 2.881143062382541645e-06 8.028473636652940171e-07 2.001917634409701541e-07 4.466882023698024757e-08 8.918828583694711998e-09
1.643274062656790871e-08 8.230129440889022434e-08 3.688488116269986681e-07 1.479228170609182361e-06 5.308441148731519301e-06 1.704684069098576847e-05 4.898530941975269765e-05 1.259600621752275792e-04 2.898310662805600848e-04 5.967632361693284973e-04 1.099522811030352598e-03 1.812806646165739544e-03 2.674507273119652775e-03 3.530865214587169433e-03 4.171224387677646347e-03 4.409517029834568794e-03 4.171224387677646347e-03 3.530865214587169433e-03 2.674507273119652775e-03 1.812806646165739544e-03 1.099522811030352598e-03 5.967632361693284973e-04 2.898310662805600848e-04 1.259600621752275792e-04 4.898530941975269765e-05 1.704684069098576847e-05 5.308441148731519301e-06 1.479228170609182361e-06 3.688488116269986681e-07 8.230129440889022434e-08 1.643274062656790871e-08
2.709300900692066221e-08 1.356918946980908667e-07 6.081288814018974373e-07 2.438834949102197371e-06 8.752139836173478813e-06 2.810548884546470744e-05 8.076312159217363890e-05 2.076730337670083565e-04 4.778506438864578649e-04 9.838962410442160002e-04 1.812806646165739544e-03 2.988812877200015729e-03 4.409517029834568794e-03 5.821412583265038465e-03 6.877186372827253855e-03 7.270064520602704736e-03 6.877186372827253855e-03 5.821412583265038465e-03 4.409517029834568794e-03 2.988812877200015729e-03 1.812806646165739544e-03 9.838962410442160002e-04 4.778506438864578649e-04 2.076730337670083565e-04 8.076312159217363890e-05 2.810548884546470744e-05 8.752139836173478813e-06 2.438834949102197371e-06 6.081288814018974373e-07 1.356918946980908667e-07 2.709300900692066221e-08
3.997141658376331626e-08 2.001917634409701541e-07 8.971972381850992513e-07 3.598112254888477522e-06 1.291238737276016862e-05 4.146516921193273836e-05 1.191531135187414608e-04 3.063884614586229898e-04 7.049924630640368650e-04 1.451582085841083246e-03 2.674507273119652775e-03 4.409517029834568794e-03 6.505539568812513003e-03 8.588566423619097001e-03 1.014619237613067874e-02 1.072582146448253053e-02 1.014619237613067874e-02 8.588566423619097001e-03 6.505539568812513003e-03 4.409517029834568794e-03 2.674507273119652775e-03 1.451582085841083246e-03 7.049924630640368650e-04 3.063884614586229898e-04 1.191531135187414608e-04 4.146516921193273836e-05 1.291238737276016862e-05 3.598112254888477522e-06 8.971972381850992513e-07 2.001917634409701541e-07 3.997141658376331626e-08
5.276997591738037423e-08 2.642917223986783368e-07 1.184473323654978975e-06 4.750201850880203180e-06 1.704684069098576847e-05 5.474201736479411058e-05 1.573050811869145308e-04 4.044918372770994731e-04 9.307259656375492822e-04 1.916368201547555879e-03 3.530865214587169433e-03 5.821412583265038465e-03 8.588566423619097001e-03 1.133856345544935473e-02 1.339493000503297511e-02 1.416015214744173120e-02 1.339493000503297511e-02 1.133856345544935473e-02 8.588566423619097001e-03 5.821412583265038465e-03 3.530865214587169433e-03 1.916368201547555879e-03 9.307259656375492822e-04 4.044918372770994731e-04 1.573050811869145308e-04 5.474201736479411058e-05 1.704684069098576847e-05 4.750201850880203180e-06 1.184473323654978975e-06 2.642917223986783368e-07 5.276997591738037423e-08
6.234036053666663864e-08 3.122237782898751812e-07 1.399289894661388807e-06 5.611700419750989497e-06 2.013846275675784924e-05 6.467005223517155368e-05 1.858339956568373804e-04 4.778506438864578649e-04 1.099522811030352598e-03 2.263921529782816910e-03 4.171224387677646347e-03 6.877186372827253855e-03 1.014619237613067874e-02 1.339493000503297511e-02 1.582424004105218579e-02 1.672824318714212499e-02 1.582424004105218579e-02 1.339493000503297511e-02 1.014619237613067874e-02 6.877186372827253855e-03 4.171224387677646347e-03 2.263921529782816910e-03 1.099522811030352598e-03 4.778506438864578649e-04 1.858339956568373804e-04 6.467005223517155368e-05 2.013846275675784924e-05 5.611700419750989497e-06 1.399289894661388807e-06 3.122237782898751812e-07 6.234036053666663864e-08
6.590172474166643744e-08 3.300604186040958112e-07 1.479228170609182361e-06 5.932284209001434597e-06 2.128892771698943164e-05 6.836450647289357035e-05 1.964502727284960144e-04 5.051491735039181398e-04 1.162336069536951859e-03 2.393254261093453322e-03 4.409517029834568794e-03 7.270064520602704736e-03 1.072582146448253053e-02 1.416015214744173120e-02 1.672824318714212499e-02 1.768388999422434646e-02 1.672824318714212499e-02 1.416015214744173120e-02 1.072582146448253053e-02 7.270064520602704736e-03 4.409517029834568794e-03 2.393254261093453322e-03 1.162336069536951859e-03 5.051491735039181398e-04 1.964502727284960144e-04 6.836450647289357035e-05 2.128892771698943164e-05 5.932284209001434597e-06 1.479228170609182361e-06 3.300604186040958112e-07 6.590172474166643744e-08
6.234036053666663864e-08 3.122237782898751812e-07 1.399289894661388807e-06 5.611700419750989497e-06 2.013846275675784924e-05 6.467005223517155368e-05 1.858339956568373804e-04 4.778506438864578649e-04 1.099522811030352598e-03 2.263921529782816910e-03 4.171224387677646347e-03 6.877186372827253855e-03 1.014619237613067874e-02 1.339493000503297511e-02 1.582424004105218579e-02 1.672824318714212499e-02 1.582424004105218579e-02 1.339493000503297511e-02 1.014619237613067874e-02 6.877186372827253855e-03 4.171224387677646347e-03 2.263921529782816910e-03 1.099522811030352598e-03 4.778506438864578649e-04 1.858339956568373804e-04 6.467005223517155368e-05 2.013846275675784924e-05 5.611700419750989497e-06 1.399289894661388807e-06 3.122237782898751812e-07 6.234036053666663864e-08
5.276997591738037423e-08 2.642917223986783368e-07 1.184473323654978975e-06 4.750201850880203180e-06 1.704684069098576847e-05 5.474201736479411058e-05 1.573050811869145308e-04 4.044918372770994731e-04 9.307259656375492822e-04 1.916368201547555879e-03 3.530865214587169433e-03 5.821412583265038465e-03 8.588566423619097001e-03 1.133856345544935473e-02 1.339493000503297511e-02 1.416015214744173120e-02 1.339493000503297511e-02 1.133856345544935473e-02 8.588566423619097001e-03 5.821412583265038465e-03 3.530865214587169433e-03 1.916368201547555879e-03 9.307259656375492822e-04 4.044918372770994731e-04 1.573050811869145308e-04 5.474201736479411058e-05 1.704684069098576847e-05 4.750201850880203180e-06 1.184473323654978975e-06 2.642917223986783368e-07 5.276997591738037423e-08
3.997141658376331626e-08 2.001917634409701541e-07 8.971972381850992513e-07 3.598112254888477522e-06 1.291238737276016862e-05 4.146516921193273836e-05 1.191531135187414608e-04 3.063884614586229898e-04 7.049924630640368650e-04 1.451582085841083246e-03 2.674507273119652775e-03 4.409517029834568794e-03 6.505539568812513003e-03 8.588566423619097001e-03 1.014619237613067874e-02 1.072582146448253053e-02 1.014619237613067874e-02 8.588566423619097001e-03 6.505539568812513003e-03 4.409517029834568794e-03 2.674507273119652775e-03 1.451582085841083246e-03 7.049924630640368650e-04 3.063884614586229898e-04 1.191531135187414608e-04 4.146516921193273836e-05 1.291238737276016862e-05 3.598112254888477522e-06 8.971972381850992513e-07 2.001917634409701541e-07 3.997141658376331626e-08
2.709300900692066221e-08 1.356918946980908667e-07 6.081288814018974373e-07 2.438834949102197371e-06 8.752139836173478813e-06 2.810548884546470744e-05 8.076312159217363890e-05 2.076730337670083565e-04 4.778506438864578649e-04 9.838962410442160002e-04 1.812806646165739544e-03 2.988812877200015729e-03 4.409517029834568794e-03 5.821412583265038465e-03 6.877186372827253855e-03 7.270064520602704736e-03 6.877186372827253855e-03 5.821412583265038465e-03 4.409517029834568794e-03 2.988812877200015729e-03 1.812806646165739544e-03 9.838962410442160002e-04 4.778506438864578649e-04 2.076730337670083565e-04 8.076312159217363890e-05 2.810548884546470744e-05 8.752139836173478813e-06 2.438834949102197371e-06 6.081288814018974373e-07 1.356918946980908667e-07 2.709300900692066221e-08
1.643274062656790871e-08 8.230129440889022434e-08 3.688488116269986681e-07 1.479228170609182361e-06 5.308441148731519301e-06 1.704684069098576847e-05 4.898530941975269765e-05 1.259600621752275792e-04 2.898310662805600848e-04 5.967632361693284973e-04 1.099522811030352598e-03 1.812806646165739544e-03 2.674507273119652775e-03 3.530865214587169433e-03 4.171224387677646347e-03 4.409517029834568794e-03 4.171224387677646347e-03 3.530865214587169433e-03 2.674507273119652775e-03 1.812806646165739544e-03 1.099522811030352598e-03 5.967632361693284973e-04 2.898310662805600848e-04 1.259600621752275792e-04 4.898530941975269765e-05 1.704684069098576847e-05 5.308441148731519301e-06 1.479228170609182361e-06 3.688488116269986681e-07 8.230129440889022434e-08 1.643274062656790871e-08
8.918828583694711998e-09 4.466882023698024757e-08 2.001917634409701541e-07 8.028473636652940171e-07 2.881143062382541645e-06 9.252129846840293062e-06 2.658665330162081821e-05 6.836450647289357035e-05 1.573050811869145308e-04 3.238917432823126851e-04 5.967632361693284973e-04 9.838962410442160002e-04 1.451582085841083246e-03 1.916368201547555879e-03 2.263921529782816910e-03 2.393254261093453322e-03 2.263921529782816910e-03 1.916368201547555879e-03 1.451582085841083246e-03 9.838962410442160002e-04 5.967632361693284973e-04 3.238917432823126851e-04 1.573050811869145308e-04 6.836450647289357035e-05 2.658665330162081821e-05 9.252129846840293062e-06 2.881143062382541645e-06 8.028473636652940171e-07 2.001917634409701541e-07 4.466882023698024757e-08 8.918828583694711998e-09
4.331623400561339888e-09 2.169438566940335786e-08 9.722749114226375817e-08 3.899203123927429795e-07 1.399289894661388807e-06 4.493498420058563893e-06 1.291238737276016862e-05 3.320271190626900704e-05 7.639863960858511293e-05 1.573050811869145308e-04 2.898310662805600848e-04 4.778506438864578649e-04 7.049924630640368650e-04 9.307259656375492822e-04 1.099522811030352598e-03 1.162336069536951859e-03 1.099522811030352598e-03 9.307259656375492822e-04 7.049924630640368650e-04 4.778506438864578649e-04 2.898310662805600848e-04 1.573050811869145308e-04 7.639863960858511293e-05 3.320271190626900704e-05 1.291238737276016862e-05 4.493498420058563893e-06 1.399289894661388807e-06 3.899203123927429795e-07 9.722749114226375817e-08 2.169438566940335786e-08 4.331623400561339888e-09
1.882515769811292190e-09 9.428341146584325256e-09 4.225489346806562140e-08 1.694586692264062945e-07 6.081288814018974373e-07 1.952866363286840539e-06 5.611700419750989497e-06 1.442983911204114960e-05 3.320271190626900704e-05 6.836450647289357035e-05 1.259600621752275792e-04 2.076730337670083565e-04 3.063884614586229898e-04 4.044918372770994731e-04 4.778506438864578649e-04 5.051491735039181398e-04 4.778506438864578649e-04 4.044918372770994731e-04 3.063884614586229898e-04 2.076730337670083565e-04 1.259600621752275792e-04 6.836450647289357035e-05 3.320271190626900704e-05 1.442983911204114960e-05 5.611700419750989497e-06 1.952866363286840539e-06 6.081288814018974373e-07 1.694586692264062945e-07 4.225489346806562140e-08 9.428341146584325256e-09 1.882515769811292190e-09
7.321020320193697983e-10 3.666640047683706186e-09 1.643274062656790871e-08 6.590172474166643744e-08 2.364986243109265166e-07 7.594610657460184428e-07 2.182365399677619594e-06 5.611700419750989497e-06 1.291238737276016862e-05 2.658665330162081821e-05 4.898530941975269765e-05 8.076312159217363890e-05 1.191531135187414608e-04 1.573050811869145308e-04 1.858339956568373804e-04 1.964502727284960144e-04 1.858339956568373804e-04 1.573050811869145308e-04 1.191531135187414608e-04 8.076312159217363890e-05 4.898530941975269765e-05 2.658665330162081821e-05 1.291238737276016862e-05 5.611700419750989497e-06 2.182365399677619594e-06 7.594610657460184428e-07 2.364986243109265166e-07 6.590172474166643744e-08 1.643274062656790871e-08 3.666640047683706186e-09 7.321020320193697983e-10
2.547708049048012395e-10 1.275987219524401421e-09 5.718577975633557164e-09 2.293373699665516049e-08 8.230129440889022434e-08 2.642917223986783368e-07 7.594610657460184428e-07 1.952866363286840539e-06 4.493498420058563893e-06 9.252129846840293062e-06 1.704684069098576847e-05 2.810548884546470744e-05 4.146516921193273836e-05 5.474201736479411058e-05 6.467005223517155368e-05 6.836450647289357035e-05 6.467005223517155368e-05 5.474201736479411058e-05 4.146516921193273836e-05 2.810548884546470744e-05 1.704684069098576847e-05 9.252129846840293062e-06 4.493498420058563893e-06 1.952866363286840539e-06 7.594610657460184428e-07 2.642917223986783368e-07 8.230129440889022434e-08 2.293373699665516049e-08 5.718577975633557164e-09 1.275987219524401421e-09 2.547708049048012395e-10
7.933645000667228446e-11 3.973465338337216064e-10 1.780783617819304292e-09 7.141639637167903785e-09 2.562888841127288842e-08 8.230129440889022434e-08 2.364986243109265166e-07 6.081288814018974373e-07 1.399289894661388807e-06 2.881143062382541645e-06 5.308441148731519301e-06 8.752139836173478813e-06 1.291238737276016862e-05 1.704684069098576847e-05 2.013846275675784924e-05 2.128892771698943164e-05 2.013846275675784924e-05 1.704684069098576847e-05 1.291238737276016862e-05 8.752139836173478813e-06 5.308441148731519301e-06 2.881143062382541645e-06 1.399289894661388807e-06 6.081288814018974373e-07 2.364986243109265166e-07 8.230129440889022434e-08 2.562888841127288842e-08 7.141639637167903785e-09 1.780783617819304292e-09 3.973465338337216064e-10 7.933645000667228446e-11
2.210756576514740291e-11 1.107229353915330840e-10 4.962257693799814237e-10 1.990059650216194762e-09 7.141639637167903785e-09 2.293373699665516049e-08 6.590172474166643744e-08 1.694586692264062945e-07 3.899203123927429795e-07 8.028473636652940171e-07 1.479228170609182361e-06 2.438834949102197371e-06 3.598112254888477522e-06 4.750201850880203180e-06 5.611700419750989497e-06 5.932284209001434597e-06 5.611700419750989497e-06 4.750201850880203180e-06 3.598112254888477522e-06 2.438834949102197371e-06 1.479228170609182361e-06 8.028473636652940171e-07 3.899203123927429795e-07 1.694586692264062945e-07 6.590172474166643744e-08 2.293373699665516049e-08 7.141639637167903785e-09 1.990059650216194762e-09 4.962257693799814237e-10 1.107229353915330840e-10 2.210756576514740291e-11
5.512570354228840123e-12 2.760900850218462444e-11 1.237349916471115238e-10 4.962257693799814237e-10 1.780783617819304292e-09 5.718577975633557164e-09 1.643274062656790871e-08 4.225489346806562140e-08 9.722749114226375817e-08 2.001917634409701541e-07 3.688488116269986681e-07 6.081288814018974373e-07 8.971972381850992513e-07 1.184473323654978975e-06 1.399289894661388807e-06 1.479228170609182361e-06 1.399289894661388807e-06 1.184473323654978975e-06 8.971972381850992513e-07 6.081288814018974373e-07 3.688488116269986681e-07 2.001917634409701541e-07 9.722749114226375817e-08 4.225489346806562140e-08 1.643274062656790871e-08 5.718577975633557164e-09 1.780783617819304292e-09 4.962257693799814237e-10 1.237349916471115238e-10 2.760900850218462444e-11 5.512570354228840123e-12
1.230020705968567596e-12 6.160402488631815425e-12 2.760900850218462444e-11 1.107229353915330840e-10 3.973465338337216064e-10 1.275987219524401421e-09 3.666640047683706186e-09 9.428341146584325256e-09 2.169438566940335786e-08 4.466882023698024757e-08 8.230129440889022434e-08 1.356918946980908667e-07 2.001917634409701541e-07 2.642917223986783368e-07 3.122237782898751812e-07 3.300604186040958112e-07 3.122237782898751812e-07 2.642917223986783368e-07 2.001917634409701541e-07 1.356918946980908667e-07 8.230129440889022434e-08 4.466882023698024757e-08 2.169438566940335786e-08 9.428341146584325256e-09 3.666640047683706186e-09 1.275987219524401421e-09 3.973465338337216064e-10 1.107229353915330840e-10 2.760900850218462444e-11 6.160402488631815425e-12 1.230020705968567596e-12
2.455928715539866316e-13 1.230020705968567596e-12 5.512570354228840123e-12 2.210756576514740291e-11 7.933645000667228446e-11 2.547708049048012395e-10 7.321020320193697983e-10 1.882515769811292190e-09 4.331623400561339888e-09 8.918828583694711998e-09 1.643274062656790871e-08 2.709300900692066221e-08 3.997141658376331626e-08 5.276997591738037423e-08 6.234036053666663864e-08 6.590172474166643744e-08 6.234036053666663864e-08 5.276997591738037423e-08 3.997141658376331626e-08 2.709300900692066221e-08 1.643274062656790871e-08 8.918828583694711998e-09 4.331623400561339888e-09 1.882515769811292190e-09 7.321020320193697983e-10 2.547708049048012395e-10 7.933645000667228446e-11 2.210756576514740291e-11 5.512570354228840123e-12 1.230020705968567596e-12 2.455928715539866316e-13
